1001
4488
1.0
0 1 1
0 2 1
0 3 1
0 4 1
0 5 1
0 6 1
0 7 1
0 8 1
0 9 1
0 10 1
0 11 1
0 12 1
0 13 1
0 14 1
0 15 1
0 16 1
0 17 1
0 18 1
0 19 1
0 20 1
0 21 1
0 22 1
0 23 1
0 24 1
0 25 1
0 26 1
0 27 1
0 28 1
0 29 1
0 30 1
0 31 1
0 32 1
0 33 1
0 34 1
0 35 1
0 36 1
0 37 1
0 38 1
0 39 1
0 40 1
0 41 1
0 42 1
0 43 1
0 44 1
0 45 1
0 46 1
0 47 1
0 48 1
0 49 1
0 50 1
0 51 1
0 52 1
0 53 1
0 54 1
0 55 1
0 56 1
0 57 1
0 58 1
0 59 1
0 60 1
0 61 1
0 62 1
0 63 1
0 64 1
0 65 1
0 66 1
0 67 1
0 68 1
0 69 1
0 70 1
0 71 1
0 72 1
0 73 1
0 74 1
0 75 1
0 76 1
0 77 1
0 78 1
0 79 1
0 80 1
0 81 1
0 82 1
0 83 1
0 84 1
0 85 1
0 86 1
0 87 1
0 88 1
0 89 1
0 90 1
0 91 1
0 92 1
0 93 1
0 94 1
0 95 1
0 96 1
0 97 1
0 98 1
0 99 1
0 100 1
0 101 1
0 102 1
0 103 1
0 104 1
0 105 1
0 106 1
0 107 1
0 108 1
0 109 1
0 110 1
0 111 1
0 112 1
0 113 1
0 114 1
0 115 1
0 116 1
0 117 1
0 118 1
0 119 1
0 120 1
0 121 1
0 122 1
0 123 1
0 124 1
0 125 1
0 126 1
0 127 1
0 128 1
0 129 1
0 130 1
0 131 1
0 132 1
0 133 1
0 134 1
0 135 1
0 136 1
0 137 1
0 138 1
0 139 1
0 140 1
0 141 1
0 142 1
0 143 1
0 144 1
0 145 1
0 146 1
0 147 1
0 148 1
0 149 1
0 150 1
0 151 1
0 152 1
0 153 1
0 154 1
0 155 1
0 156 1
0 157 1
0 158 1
0 159 1
0 160 1
0 161 1
0 162 1
0 163 1
0 164 1
0 165 1
0 166 1
0 167 1
0 168 1
0 169 1
0 170 1
0 171 1
0 172 1
0 173 1
0 174 1
0 175 1
0 176 1
0 177 1
0 178 1
0 179 1
0 180 1
0 181 1
0 182 1
0 183 1
0 184 1
0 185 1
0 186 1
0 187 1
0 188 1
0 189 1
0 190 1
0 191 1
0 192 1
0 193 1
0 194 1
0 195 1
0 196 1
0 197 1
0 198 1
0 199 1
0 200 1
0 201 1
0 202 1
0 203 1
0 204 1
0 205 1
0 206 1
0 207 1
0 208 1
0 209 1
0 210 1
0 211 1
0 212 1
0 213 1
0 214 1
0 215 1
0 216 1
0 217 1
0 218 1
0 219 1
0 220 1
0 221 1
0 222 1
0 223 1
0 224 1
0 225 1
0 226 1
0 227 1
0 228 1
0 229 1
0 230 1
0 231 1
0 232 1
0 233 1
0 234 1
0 235 1
0 236 1
0 237 1
0 238 1
0 239 1
0 240 1
0 241 1
0 242 1
0 243 1
0 244 1
0 245 1
0 246 1
0 247 1
0 248 1
0 249 1
0 250 1
0 251 1
0 252 1
0 253 1
0 254 1
0 255 1
0 256 1
0 257 1
0 258 1
0 259 1
0 260 1
0 261 1
0 262 1
0 263 1
0 264 1
0 265 1
0 266 1
0 267 1
0 268 1
0 269 1
0 270 1
0 271 1
0 272 1
0 273 1
0 274 1
0 275 1
0 276 1
0 277 1
0 278 1
0 279 1
0 280 1
0 281 1
0 282 1
0 283 1
0 284 1
0 285 1
0 286 1
0 287 1
0 288 1
0 289 1
0 290 1
0 291 1
0 292 1
0 293 1
0 294 1
0 295 1
0 296 1
0 297 1
0 298 1
0 299 1
0 300 1
0 301 1
0 302 1
0 303 1
0 304 1
0 305 1
0 306 1
0 307 1
0 308 1
0 309 1
0 310 1
0 311 1
0 312 1
0 313 1
0 314 1
0 315 1
0 316 1
0 317 1
0 318 1
0 319 1
0 320 1
0 321 1
0 322 1
0 323 1
0 324 1
0 325 1
0 326 1
0 327 1
0 328 1
0 329 1
0 330 1
0 331 1
0 332 1
0 333 1
0 334 1
0 335 1
0 336 1
0 337 1
0 338 1
0 339 1
0 340 1
0 341 1
0 342 1
0 343 1
0 344 1
0 345 1
0 346 1
0 347 1
0 348 1
0 349 1
0 350 1
0 351 1
0 352 1
0 353 1
0 354 1
0 355 1
0 356 1
0 357 1
0 358 1
0 359 1
0 360 1
0 361 1
0 362 1
0 363 1
0 364 1
0 365 1
0 366 1
0 367 1
0 368 1
0 369 1
0 370 1
0 371 1
0 372 1
0 373 1
0 374 1
0 375 1
0 376 1
0 377 1
0 378 1
0 379 1
0 380 1
0 381 1
0 382 1
0 383 1
0 384 1
0 385 1
0 386 1
0 387 1
0 388 1
0 389 1
0 390 1
0 391 1
0 392 1
0 393 1
0 394 1
0 395 1
0 396 1
0 397 1
0 398 1
0 399 1
0 400 1
0 401 1
0 402 1
0 403 1
0 404 1
0 405 1
0 406 1
0 407 1
0 408 1
0 409 1
0 410 1
0 411 1
0 412 1
0 413 1
0 414 1
0 415 1
0 416 1
0 417 1
0 418 1
0 419 1
0 420 1
0 421 1
0 422 1
0 423 1
0 424 1
0 425 1
0 426 1
0 427 1
0 428 1
0 429 1
0 430 1
0 431 1
0 432 1
0 433 1
0 434 1
0 435 1
0 436 1
0 437 1
0 438 1
0 439 1
0 440 1
0 441 1
0 442 1
0 443 1
0 444 1
0 445 1
0 446 1
0 447 1
0 448 1
0 449 1
0 450 1
0 451 1
0 452 1
0 453 1
0 454 1
0 455 1
0 456 1
0 457 1
0 458 1
0 459 1
0 460 1
0 461 1
0 462 1
0 463 1
0 464 1
0 465 1
0 466 1
0 467 1
0 468 1
0 469 1
0 470 1
0 471 1
0 472 1
0 473 1
0 474 1
0 475 1
0 476 1
0 477 1
0 478 1
0 479 1
0 480 1
0 481 1
0 482 1
0 483 1
0 484 1
0 485 1
0 486 1
0 487 1
0 488 1
0 489 1
0 490 1
0 491 1
0 492 1
0 493 1
0 494 1
0 495 1
0 496 1
0 497 1
0 498 1
0 499 1
0 500 1
0 501 1
0 502 1
0 503 1
0 504 1
0 505 1
0 506 1
0 507 1
0 508 1
0 509 1
0 510 1
0 511 1
0 512 1
0 513 1
0 514 1
0 515 1
0 516 1
0 517 1
0 518 1
0 519 1
0 520 1
0 521 1
0 522 1
0 523 1
0 524 1
0 525 1
0 526 1
0 527 1
0 528 1
0 529 1
0 530 1
0 531 1
0 532 1
0 533 1
0 534 1
0 535 1
0 536 1
0 537 1
0 538 1
0 539 1
0 540 1
0 541 1
0 542 1
0 543 1
0 544 1
0 545 1
0 546 1
0 547 1
0 548 1
0 549 1
0 550 1
0 551 1
0 552 1
0 553 1
0 554 1
0 555 1
0 556 1
0 557 1
0 558 1
0 559 1
0 560 1
0 561 1
0 562 1
0 563 1
0 564 1
0 565 1
0 566 1
0 567 1
0 568 1
0 569 1
0 570 1
0 571 1
0 572 1
0 573 1
0 574 1
0 575 1
0 576 1
0 577 1
0 578 1
0 579 1
0 580 1
0 581 1
0 582 1
0 583 1
0 584 1
0 585 1
0 586 1
0 587 1
0 588 1
0 589 1
0 590 1
0 591 1
0 592 1
0 593 1
0 594 1
0 595 1
0 596 1
0 597 1
0 598 1
0 599 1
0 600 1
0 601 1
0 602 1
0 603 1
0 604 1
0 605 1
0 606 1
0 607 1
0 608 1
0 609 1
0 610 1
0 611 1
0 612 1
0 613 1
0 614 1
0 615 1
0 616 1
0 617 1
0 618 1
0 619 1
0 620 1
0 621 1
0 622 1
0 623 1
0 624 1
0 625 1
0 626 1
0 627 1
0 628 1
0 629 1
0 630 1
0 631 1
0 632 1
0 633 1
0 634 1
0 635 1
0 636 1
0 637 1
0 638 1
0 639 1
0 640 1
0 641 1
0 642 1
0 643 1
0 644 1
0 645 1
0 646 1
0 647 1
0 648 1
0 649 1
0 650 1
0 651 1
0 652 1
0 653 1
0 654 1
0 655 1
0 656 1
0 657 1
0 658 1
0 659 1
0 660 1
0 661 1
0 662 1
0 663 1
0 664 1
0 665 1
0 666 1
0 667 1
0 668 1
0 669 1
0 670 1
0 671 1
0 672 1
0 673 1
0 674 1
0 675 1
0 676 1
0 677 1
0 678 1
0 679 1
0 680 1
0 681 1
0 682 1
0 683 1
0 684 1
0 685 1
0 686 1
0 687 1
0 688 1
0 689 1
0 690 1
0 691 1
0 692 1
0 693 1
0 694 1
0 695 1
0 696 1
0 697 1
0 698 1
0 699 1
0 700 1
0 701 1
0 702 1
0 703 1
0 704 1
0 705 1
0 706 1
0 707 1
0 708 1
0 709 1
0 710 1
0 711 1
0 712 1
0 713 1
0 714 1
0 715 1
0 716 1
0 717 1
0 718 1
0 719 1
0 720 1
0 721 1
0 722 1
0 723 1
0 724 1
0 725 1
0 726 1
0 727 1
0 728 1
0 729 1
0 730 1
0 731 1
0 732 1
0 733 1
0 734 1
0 735 1
0 736 1
0 737 1
0 738 1
0 739 1
0 740 1
0 741 1
0 742 1
0 743 1
0 744 1
0 745 1
0 746 1
0 747 1
0 748 1
0 749 1
0 750 1
0 751 1
0 752 1
0 753 1
0 754 1
0 755 1
0 756 1
0 757 1
0 758 1
0 759 1
0 760 1
0 761 1
0 762 1
0 763 1
0 764 1
0 765 1
0 766 1
0 767 1
0 768 1
0 769 1
0 770 1
0 771 1
0 772 1
0 773 1
0 774 1
0 775 1
0 776 1
0 777 1
0 778 1
0 779 1
0 780 1
0 781 1
0 782 1
0 783 1
0 784 1
0 785 1
0 786 1
0 787 1
0 788 1
0 789 1
0 790 1
0 791 1
0 792 1
0 793 1
0 794 1
0 795 1
0 796 1
0 797 1
0 798 1
0 799 1
0 800 1
0 801 1
0 802 1
0 803 1
0 804 1
0 805 1
0 806 1
0 807 1
0 808 1
0 809 1
0 810 1
0 811 1
0 812 1
0 813 1
0 814 1
0 815 1
0 816 1
0 817 1
0 818 1
0 819 1
0 820 1
0 821 1
0 822 1
0 823 1
0 824 1
0 825 1
0 826 1
0 827 1
0 828 1
0 829 1
0 830 1
0 831 1
0 832 1
0 833 1
0 834 1
0 835 1
0 836 1
0 837 1
0 838 1
0 839 1
0 840 1
0 841 1
0 842 1
0 843 1
0 844 1
0 845 1
0 846 1
0 847 1
0 848 1
0 849 1
0 850 1
0 851 1
0 852 1
0 853 1
0 854 1
0 855 1
0 856 1
0 857 1
0 858 1
0 859 1
0 860 1
0 861 1
0 862 1
0 863 1
0 864 1
0 865 1
0 866 1
0 867 1
0 868 1
0 869 1
0 870 1
0 871 1
0 872 1
0 873 1
0 874 1
0 875 1
0 876 1
0 877 1
0 878 1
0 879 1
0 880 1
0 881 1
0 882 1
0 883 1
0 884 1
0 885 1
0 886 1
0 887 1
0 888 1
0 889 1
0 890 1
0 891 1
0 892 1
0 893 1
0 894 1
0 895 1
0 896 1
0 897 1
0 898 1
0 899 1
0 900 1
0 901 1
0 902 1
0 903 1
0 904 1
0 905 1
0 906 1
0 907 1
0 908 1
0 909 1
0 910 1
0 911 1
0 912 1
0 913 1
0 914 1
0 915 1
0 916 1
0 917 1
0 918 1
0 919 1
0 920 1
0 921 1
0 922 1
0 923 1
0 924 1
0 925 1
0 926 1
0 927 1
0 928 1
0 929 1
0 930 1
0 931 1
0 932 1
0 933 1
0 934 1
0 935 1
0 936 1
0 937 1
0 938 1
0 939 1
0 940 1
0 941 1
0 942 1
0 943 1
0 944 1
0 945 1
0 946 1
0 947 1
0 948 1
0 949 1
0 950 1
0 951 1
0 952 1
0 953 1
0 954 1
0 955 1
0 956 1
0 957 1
0 958 1
0 959 1
0 960 1
0 961 1
0 962 1
0 963 1
0 964 1
0 965 1
0 966 1
0 967 1
0 968 1
0 969 1
0 970 1
0 971 1
0 972 1
0 973 1
0 974 1
0 975 1
0 976 1
0 977 1
0 978 1
0 979 1
0 980 1
0 981 1
0 982 1
0 983 1
0 984 1
0 985 1
0 986 1
0 987 1
0 988 1
0 989 1
0 990 1
0 991 1
0 992 1
0 993 1
0 994 1
0 995 1
0 996 1
0 997 1
0 998 1
0 999 1
0 1000 1
1 216 1545
1 260 1306
1 315 827
1 362 1118
1 438 983
1 487 870
1 539 1332
1 651 416
1 865 1040
2 145 1833
2 257 1729
2 465 1181
2 593 964
2 733 1235
2 989 76
3 661 1117
3 792 1848
4 50 1993
4 101 199
4 446 36
4 475 958
4 605 1009
4 846 1196
5 105 864
5 124 1869
5 186 1795
5 223 1676
5 241 473
5 273 128
5 316 149
5 380 1938
5 597 833
5 864 1260
5 865 788
5 923 1151
6 123 1975
6 323 1426
6 621 1849
6 625 1081
6 833 1972
7 139 628
7 163 177
7 300 892
7 361 325
7 568 359
7 605 969
7 651 493
8 105 1641
8 275 376
8 465 754
8 554 634
8 682 172
8 872 1732
8 888 993
9 241 1366
9 255 1293
9 299 335
9 436 1174
9 451 1568
9 716 879
10 108 1374
10 389 1322
10 398 164
10 821 511
10 824 720
11 22 1057
11 73 174
11 165 927
11 182 756
11 232 1218
11 335 1828
11 347 1181
11 456 1727
11 484 308
11 615 1442
11 752 630
11 757 1592
11 822 1104
12 274 658
12 309 235
12 725 896
12 773 542
12 922 526
12 948 970
12 995 97
13 177 654
13 359 408
13 789 1628
13 860 517
13 890 1100
14 43 1524
14 316 494
14 646 1220
14 703 918
14 759 235
15 155 656
15 311 67
15 361 1535
15 394 1434
15 400 547
15 422 1856
15 441 1085
15 452 577
15 543 1463
15 586 1867
15 813 721
15 858 671
15 928 1901
15 994 1155
16 122 1259
16 172 673
16 281 485
16 515 1215
16 563 314
16 888 1224
17 113 348
17 153 1377
17 547 1143
17 819 1945
17 854 654
18 54 1768
18 72 841
18 85 1556
18 86 1485
18 124 1456
18 169 1997
18 188 1659
18 582 1286
18 697 1303
18 701 1987
18 718 1258
19 95 789
19 209 1919
19 475 428
19 860 86
20 92 10
20 130 798
20 299 1007
20 306 1764
20 319 785
20 335 749
20 806 1246
21 101 663
21 268 1123
21 367 1058
21 389 335
21 406 95
21 484 1299
21 548 246
21 877 1341
21 963 431
21 973 1402
22 23 1838
22 85 389
22 93 1202
22 131 737
22 197 1997
22 378 1124
22 591 1434
22 635 821
22 675 710
22 935 1079
23 266 502
23 284 1376
23 289 779
23 473 1795
23 478 1136
23 632 1023
23 875 150
24 77 27
24 122 821
24 127 992
24 261 1382
24 311 1581
24 774 1482
24 869 1724
24 906 111
24 925 321
25 125 1197
25 130 942
25 417 1313
25 617 250
25 815 552
26 194 855
26 305 1323
26 416 1310
26 599 1951
26 609 261
26 797 1571
26 810 1758
26 906 438
26 932 1492
27 121 1918
27 134 1599
27 177 5
27 332 130
27 386 1299
27 482 161
27 640 563
27 946 1771
28 41 778
28 116 527
28 208 502
28 233 618
28 311 381
28 511 680
28 534 1084
28 660 865
28 677 222
28 802 1755
28 906 951
29 79 1237
29 604 1870
29 622 796
29 637 499
29 711 1815
29 877 184
30 66 642
30 350 1840
30 537 1948
30 636 1178
30 890 392
30 968 1046
31 359 1937
31 412 1175
31 442 1499
31 470 1231
31 564 1611
31 607 1673
31 608 573
31 631 1939
31 634 1240
32 464 1132
32 490 259
32 538 1758
32 664 548
32 999 1108
33 307 1966
33 446 1278
33 903 1344
34 77 1269
34 127 925
34 179 2
34 337 20
34 473 174
34 508 15
34 831 1526
35 342 1069
35 422 760
35 456 624
35 499 438
35 701 1401
35 737 1729
36 163 629
36 179 1387
36 205 1093
36 364 432
36 610 1446
36 702 915
36 926 1048
36 934 1175
36 943 117
36 988 308
37 95 330
37 134 255
37 222 257
37 396 1492
37 397 1814
37 442 18
37 658 259
37 672 599
37 810 444
37 889 1559
38 154 839
38 188 1600
38 294 1755
38 494 301
38 725 83
38 848 1584
38 971 1985
39 101 1936
39 567 954
39 605 312
39 653 1216
39 708 1363
39 725 1964
39 794 717
39 909 1435
39 997 1980
40 52 714
40 57 969
40 378 1664
40 387 1916
40 408 1610
40 598 979
40 672 1534
40 844 756
40 940 1105
41 88 517
41 99 948
41 194 1357
41 231 546
41 536 1145
41 564 1728
41 668 1301
41 703 1674
42 60 979
42 213 6
42 482 929
42 695 1413
43 86 183
43 361 292
43 367 559
43 834 483
43 867 914
44 297 165
44 417 712
44 474 272
44 625 336
44 643 790
44 687 66
44 697 116
44 765 1632
44 807 1554
44 808 2
44 935 613
45 314 427
45 478 512
45 536 1255
45 572 466
45 724 1509
45 759 1029
45 776 411
45 834 445
45 914 346
46 192 1898
46 580 1381
46 606 1247
46 685 1718
46 717 1024
46 789 64
47 363 1612
47 478 5
47 553 1979
47 611 1248
47 812 814
47 940 1488
47 956 582
48 117 656
48 448 441
48 500 1783
48 556 1145
48 595 407
48 605 1123
48 728 573
49 298 1115
49 722 1920
49 844 389
50 118 389
50 207 725
50 419 76
50 608 1354
50 944 120
51 103 297
51 306 1769
51 372 1016
51 410 76
51 479 140
51 547 491
51 790 838
52 206 1626
52 244 967
52 310 667
52 428 1327
52 487 266
52 995 1798
53 270 1654
53 345 216
53 587 1163
53 603 1676
53 881 1750
53 905 1337
53 950 1983
54 103 345
54 109 481
54 136 418
54 219 766
54 294 244
54 930 486
55 158 830
55 471 69
55 522 1652
55 585 544
55 651 43
55 756 1523
55 999 913
56 93 904
56 299 1905
56 319 787
56 399 1987
56 528 558
56 548 1104
56 960 862
57 83 1941
57 128 66
57 161 1643
57 177 49
57 365 1765
57 593 1571
57 844 239
58 90 1359
58 147 1216
58 460 1357
58 696 474
58 988 1464
59 286 1096
59 378 1990
59 576 1594
59 590 842
59 626 161
59 907 247
60 441 628
60 521 1014
60 533 245
60 734 1098
60 757 98
60 761 595
60 876 6
61 236 407
61 435 376
61 923 453
61 980 1537
62 92 135
62 380 808
62 699 358
62 814 565
63 350 1670
63 564 1843
63 772 117
63 949 1189
64 133 1167
64 312 1262
64 377 1983
64 399 199
64 787 423
64 793 143
64 952 1618
65 112 1737
65 249 1382
65 680 1796
65 687 264
65 690 689
65 724 953
65 765 1105
65 960 1446
66 110 1894
66 210 1158
66 630 1805
66 802 1983
66 827 87
66 949 1876
67 142 1961
67 398 840
67 520 993
67 548 606
67 807 520
67 840 1775
67 843 317
67 935 69
67 947 683
67 954 1726
67 997 1187
68 237 542
68 427 1245
68 490 1162
68 530 348
68 555 1804
68 634 1720
68 780 1493
68 888 1972
68 961 1255
69 110 32
69 121 1791
69 205 970
69 240 206
69 342 212
69 579 1277
69 638 1068
69 702 1883
69 841 1575
70 327 1493
70 424 618
71 104 1731
71 111 47
71 286 839
71 296 1483
71 670 227
71 679 814
71 908 1409
72 144 1658
72 307 327
72 323 4
72 424 1497
72 467 383
72 935 552
72 997 861
73 316 1112
73 461 1560
73 670 1393
73 710 937
73 811 1639
73 867 473
73 931 1860
73 965 576
74 121 774
74 211 1350
74 223 472
74 241 1366
74 913 1709
75 338 198
75 391 181
75 525 746
75 611 1456
75 620 914
75 629 919
75 748 1963
75 887 365
75 896 553
75 921 1745
76 254 560
76 265 1111
76 327 289
76 382 471
76 483 155
76 546 1863
76 676 743
76 837 391
76 850 1243
76 871 1645
76 982 835
77 150 1594
77 315 1661
77 318 1803
77 493 669
77 623 1799
77 697 1162
77 749 766
77 865 836
77 873 1599
77 908 1441
77 947 1331
78 135 833
78 223 1886
78 303 296
78 503 1114
78 513 1309
78 933 96
79 232 1318
79 293 1917
79 574 388
79 614 466
79 792 452
79 921 294
80 83 1468
80 129 1123
80 177 853
80 203 281
80 221 124
80 480 1570
80 984 605
81 408 861
81 466 445
81 487 210
81 628 925
81 668 988
81 951 775
82 93 981
82 165 998
82 224 36
82 234 2000
82 382 1704
82 868 265
82 872 1723
82 939 262
82 948 219
82 960 917
83 247 642
83 297 643
83 310 341
83 592 1030
83 656 1227
83 856 128
83 956 294
84 166 1943
84 220 1734
84 372 775
84 594 203
84 916 62
85 209 990
85 221 766
85 420 406
85 449 747
85 593 954
85 633 1080
85 960 1852
86 186 1972
86 378 820
86 522 725
86 916 128
87 163 1454
87 258 260
87 288 1508
87 654 1601
87 712 48
88 185 1052
88 218 1214
88 266 1733
88 295 1692
88 618 1045
88 879 1112
89 97 793
89 376 1271
89 414 602
89 473 1300
89 556 1196
89 611 1157
89 674 1325
89 899 824
90 117 1691
90 119 552
90 186 398
90 457 746
90 839 1431
90 933 1294
90 946 1799
91 172 19
91 394 1988
91 500 1902
91 530 1454
91 907 208
92 94 1637
92 107 1308
92 276 375
92 571 613
92 822 843
93 100 590
93 148 1055
93 206 1447
93 221 970
93 434 77
93 594 718
93 931 842
94 134 251
94 270 116
94 806 1656
94 836 100
94 880 155
94 895 1429
94 986 1365
95 141 187
95 348 519
95 460 586
95 483 849
95 533 1865
96 143 888
96 262 1973
97 236 844
97 434 464
97 732 862
97 773 975
98 332 831
98 750 1664
98 808 1390
99 181 1975
99 210 521
99 278 10
99 291 1610
99 347 278
99 455 1319
99 460 1826
99 567 1260
99 571 685
99 635 144
99 750 1078
100 261 446
100 366 177
100 374 897
100 478 211
100 736 127
101 361 842
101 407 1655
101 563 106
101 838 24
101 853 1414
102 314 265
102 331 1726
102 433 1861
102 741 807
103 356 1827
103 494 1385
103 517 1089
103 677 703
104 119 1939
104 141 404
104 142 45
104 742 1406
104 857 1877
104 874 1840
105 263 310
105 267 1425
105 358 1267
105 608 721
105 825 1933
105 883 576
106 224 1062
106 439 1555
107 257 1826
107 418 865
107 464 1211
107 578 1787
107 627 991
107 706 1825
107 723 1734
107 932 139
108 429 1154
108 449 887
108 588 379
108 643 1319
108 838 984
108 894 1396
108 927 1454
109 292 595
109 672 570
110 242 472
110 571 1658
110 890 1049
111 540 1126
111 573 292
111 749 12
112 446 216
112 640 413
113 147 52
113 360 1403
113 529 1157
113 563 720
113 692 913
113 783 114
113 792 489
113 938 1119
114 173 1011
114 181 1876
114 183 243
114 378 168
114 401 344
114 457 802
114 465 1148
114 478 1914
114 553 988
114 714 37
115 189 1741
115 471 1465
115 587 1678
115 609 151
115 845 858
116 250 954
116 350 1051
116 382 541
116 416 1931
116 765 924
117 288 651
117 303 1890
117 667 230
118 178 83
118 191 1619
118 252 641
118 298 1432
118 751 445
118 942 130
119 374 1153
119 455 529
119 647 883
119 758 480
119 861 950
119 980 300
120 497 651
120 736 1826
120 836 1969
121 134 1621
121 357 729
121 399 1414
121 538 1634
121 566 1165
121 592 835
121 596 1733
121 674 1808
121 953 1253
122 224 1293
122 315 1823
122 386 1395
122 637 1518
122 824 765
123 281 539
123 306 1857
123 470 1319
123 483 1415
123 496 708
123 504 1433
123 671 1935
123 681 1329
124 226 434
124 619 378
124 746 470
124 763 893
124 868 1054
124 896 1615
125 540 639
125 560 847
125 671 612
125 779 1643
126 179 300
126 407 218
126 652 947
127 182 63
127 550 457
127 888 402
128 384 191
128 428 1685
128 569 133
128 570 1575
128 617 444
128 853 582
128 861 1239
128 889 833
129 448 1676
129 485 1435
129 533 1429
129 540 71
129 711 677
129 787 648
129 795 1700
129 806 976
129 981 780
130 285 1876
130 329 1056
130 758 868
130 874 1512
131 169 1152
131 183 812
131 327 51
131 349 673
131 370 622
131 387 980
131 621 1245
131 732 1606
131 733 1152
131 792 1641
131 909 200
132 190 163
132 272 1166
132 428 708
132 476 625
132 507 57
132 627 190
133 276 218
133 465 1681
133 639 424
133 726 1062
133 752 1420
133 913 987
133 934 1228
133 963 316
134 263 461
134 423 1162
134 496 1659
134 542 1946
134 652 1149
134 654 1438
134 761 786
134 763 1670
134 799 259
134 831 1217
135 166 386
135 215 1217
135 299 1457
135 349 779
135 553 258
135 564 1719
135 619 423
135 626 254
135 930 1111
136 164 1809
136 413 1754
136 427 473
136 504 1455
136 769 1419
136 900 1867
137 489 1379
137 607 893
137 773 242
137 896 1979
137 921 168
138 579 680
139 405 1533
139 428 1984
139 588 1492
139 879 1825
140 179 371
140 201 525
140 473 574
140 772 33
140 854 502
140 897 1813
140 972 868
140 982 56
141 282 1632
141 309 1007
141 409 648
141 793 1946
141 881 383
141 951 696
142 457 520
142 616 1181
142 642 360
142 737 1159
142 854 1755
142 984 1293
143 208 1074
143 210 1179
143 338 1679
143 388 79
143 429 649
143 513 831
143 536 601
143 566 971
143 942 473
143 946 1939
144 216 601
144 238 1999
144 259 1597
144 275 1611
144 446 446
144 470 1375
144 715 1234
144 748 1811
144 782 492
144 784 1858
144 914 1390
144 953 667
145 162 489
145 423 1189
145 613 500
145 636 1676
145 650 1225
146 229 1952
146 236 929
146 420 484
146 590 823
146 696 8
147 314 954
147 344 1867
147 465 1343
147 711 145
147 844 1765
147 883 986
147 941 1485
148 177 1122
148 319 1677
148 364 1416
148 498 1825
148 532 408
148 636 774
148 688 1069
148 759 1006
148 872 158
148 908 1322
148 979 1660
149 156 1289
149 308 1405
149 469 817
149 615 9
149 963 677
150 338 635
150 436 814
150 721 1612
150 817 1920
150 879 517
151 719 482
151 772 1206
151 878 1380
151 901 294
152 265 826
152 636 653
152 669 535
152 676 286
152 868 99
152 958 848
153 341 1929
153 583 1216
153 638 1678
153 759 366
154 291 1910
154 509 1928
154 547 162
154 639 1270
154 648 1551
154 763 883
154 840 1427
154 861 171
154 950 1881
154 977 1513
155 159 1591
155 354 1509
155 382 1607
155 439 722
155 594 479
155 839 1954
155 883 1795
156 232 766
156 413 760
156 552 796
156 735 895
156 745 1245
156 793 749
157 189 768
157 290 242
157 342 81
157 393 934
157 426 1244
157 434 769
157 676 248
157 812 1550
157 877 1802
157 895 1473
158 450 368
158 453 1223
158 503 1788
158 715 788
158 824 420
158 952 832
158 985 559
159 202 844
159 283 1577
159 484 286
160 379 449
160 662 1857
160 766 1388
160 791 1098
161 271 1983
161 418 228
161 474 740
161 592 181
161 763 1617
162 612 938
162 916 909
163 507 7
163 584 984
163 666 1626
163 793 1847
163 828 1603
163 921 1068
164 255 322
164 308 614
164 314 612
164 521 600
164 633 190
164 661 675
164 668 287
164 700 990
164 726 202
164 778 1634
164 844 1995
164 884 1011
164 952 1066
165 331 1490
165 352 581
165 450 1718
165 465 1218
165 558 322
165 587 671
165 605 423
165 757 512
165 959 1828
166 246 730
166 267 224
166 329 501
167 222 338
167 486 429
167 553 1580
167 596 854
168 826 1777
168 840 187
168 974 410
169 308 1481
169 440 671
169 630 1112
169 701 403
169 748 227
169 757 409
169 803 715
169 866 545
169 927 1602
170 199 1127
170 262 1725
170 392 1015
170 443 915
170 552 241
171 558 514
171 605 1484
171 715 1808
171 807 742
171 831 1888
171 872 936
171 895 917
171 943 439
171 960 1596
172 246 1091
172 247 1480
172 260 1844
172 729 953
172 988 1553
173 270 1054
173 375 1250
173 419 1597
173 667 1348
173 728 29
173 776 134
173 826 1470
173 831 728
173 836 332
173 851 1511
173 991 1891
174 188 647
174 303 409
174 335 1006
174 630 1945
174 758 1428
174 851 1055
175 232 1667
175 280 589
175 355 233
175 453 1369
175 478 1407
175 980 22
176 218 380
176 326 238
176 389 464
176 411 1275
176 436 1880
176 479 310
176 516 987
176 534 1776
176 582 653
176 637 587
176 668 1072
176 822 287
176 881 1483
177 196 1982
177 295 184
177 418 1154
177 514 1891
177 637 283
177 733 43
178 888 1699
179 649 134
179 774 1246
179 963 1986
179 981 1665
180 231 1964
180 270 812
180 323 1493
180 359 334
180 620 582
180 687 67
180 689 1684
180 751 1268
180 804 1390
181 252 1332
181 377 919
181 461 713
181 528 1398
181 710 1087
181 767 359
181 790 240
181 973 1110
181 991 25
182 385 1447
182 397 574
182 398 129
182 434 972
182 621 1208
182 939 1309
183 515 722
183 532 165
183 579 796
183 921 1592
184 302 113
184 355 769
184 523 130
184 705 1608
184 801 798
184 840 1296
184 853 98
185 899 1978
185 927 86
186 402 1136
186 553 830
186 624 190
186 785 341
186 947 1625
187 191 1352
187 280 886
187 288 1320
187 302 1951
187 722 1416
187 754 1914
187 804 703
187 895 1898
188 204 114
188 515 331
188 625 1603
188 827 1992
188 909 1069
189 372 1206
189 380 1761
189 478 718
189 653 1991
189 793 1757
190 876 1637
191 252 1804
191 274 58
191 418 331
191 668 367
192 513 143
192 661 1661
192 797 197
193 245 1866
193 292 1645
193 340 1403
193 341 106
193 582 1641
193 697 1446
193 704 1836
193 879 1337
193 956 845
194 223 1958
194 359 596
194 744 1998
194 769 696
194 902 34
194 929 1336
195 426 1378
195 591 711
195 642 242
195 846 1024
196 283 1322
196 494 39
196 598 986
197 271 600
197 335 1559
197 382 1009
197 406 1724
197 535 1118
198 781 1429
198 833 1751
198 994 1887
199 227 873
199 268 51
199 822 1569
199 944 1958
199 974 37
200 386 1668
200 453 1778
201 233 1437
201 493 488
201 561 572
201 567 1819
201 831 1656
201 845 1362
201 869 1834
201 952 599
201 967 923
202 361 465
202 567 17
202 776 1241
202 965 346
202 975 1636
203 222 471
203 248 1648
203 269 1973
203 420 81
203 527 261
203 559 188
203 790 819
204 603 1680
204 652 1640
204 688 1481
204 757 1847
204 989 932
205 740 295
205 843 1089
206 292 223
206 491 1080
206 845 596
206 950 708
207 390 1269
207 520 819
207 644 339
207 805 519
207 889 622
208 245 894
208 448 93
208 916 1309
209 327 732
209 417 469
209 947 416
209 963 310
210 350 114
210 448 1157
210 696 464
210 849 468
211 427 832
211 733 1097
211 878 630
211 995 491
212 272 1819
212 276 1032
212 629 1826
212 778 839
212 908 41
213 316 1311
213 367 1224
213 369 247
213 372 158
213 525 1226
213 561 689
213 753 648
213 880 1141
213 909 1397
213 962 1792
214 288 405
214 655 710
214 857 1798
214 961 1738
215 222 1953
215 404 1647
215 564 1194
215 617 179
215 742 1777
215 969 50
216 323 631
216 364 556
216 852 1676
216 951 1780
217 260 593
217 273 867
217 418 953
217 524 1321
217 649 1510
217 659 123
217 787 593
217 906 1608
217 974 1509
218 244 1605
218 379 1317
218 399 1985
218 558 433
218 658 52
218 848 261
218 889 1838
219 226 97
219 386 1551
219 455 1568
219 652 1316
219 730 554
219 798 1147
219 803 132
220 330 2000
220 399 1011
220 524 1742
220 789 848
220 893 568
221 366 209
221 978 1597
222 402 1845
222 624 1109
222 759 623
222 903 1554
222 911 1028
222 980 457
223 336 1658
223 364 1585
223 503 1332
223 534 1493
223 725 894
223 939 1993
223 955 29
224 334 1826
224 369 790
224 558 1252
224 924 1519
225 278 1524
225 631 1216
225 661 1809
225 786 216
225 800 1551
226 380 152
226 445 1266
226 579 252
226 656 1446
226 803 1997
226 869 525
227 229 188
227 592 567
227 719 205
227 812 429
227 828 1384
227 859 730
227 995 333
228 342 537
228 389 313
228 493 380
228 535 1766
228 842 862
228 898 1575
228 998 1480
229 306 652
229 450 227
229 791 1288
229 882 1848
229 926 828
230 418 1230
230 460 727
230 765 1992
230 808 367
231 283 179
231 385 231
231 407 707
231 425 1718
231 506 124
231 586 1946
231 863 15
231 988 366
232 271 1183
232 459 1952
232 473 1896
232 550 74
232 574 1907
232 588 930
232 868 360
233 579 90
233 643 1136
233 666 1263
233 843 1652
233 895 215
234 277 1364
234 288 278
234 294 364
234 380 19
234 620 687
234 921 21
235 496 1857
235 854 1988
235 884 1554
235 920 1567
235 972 941
236 270 219
236 396 982
236 410 1328
236 515 49
236 773 1873
236 937 900
237 309 1926
237 312 661
237 531 1001
237 755 613
237 792 168
237 919 125
238 302 935
238 401 1833
238 424 539
238 547 1870
238 564 67
238 596 117
238 600 748
238 608 1454
238 787 270
238 794 1933
238 972 1875
239 580 1873
239 694 1590
239 974 1912
240 306 632
240 358 1904
240 536 77
240 538 1543
240 634 1145
240 654 706
241 255 969
241 573 1797
241 582 1131
241 656 1223
241 705 879
241 816 100
242 447 1766
242 660 702
242 712 1252
243 289 380
243 500 372
243 912 1640
244 302 1668
244 837 289
244 862 89
244 980 566
245 305 1080
245 311 363
245 365 1851
245 385 57
245 457 1321
245 494 798
245 495 798
245 509 1183
245 572 659
245 574 1748
245 677 1430
245 683 77
245 908 965
245 954 559
246 384 380
246 475 1356
246 566 1008
246 714 1823
246 927 1217
247 438 1225
247 726 1854
247 795 256
247 856 1037
247 906 219
248 408 1781
248 693 791
248 788 1198
249 484 1860
249 555 460
249 855 906
249 913 1975
249 915 1842
249 969 1265
250 463 485
250 473 1593
250 517 1104
250 645 427
250 693 1626
250 790 442
250 874 755
251 366 628
251 856 1737
252 341 1896
252 444 1917
252 600 524
252 636 426
252 704 1451
252 738 204
252 949 1896
252 964 1634
253 319 1853
253 834 319
254 349 353
254 474 1403
254 715 634
255 391 205
255 577 689
255 642 1039
255 816 721
255 992 596
256 306 298
256 479 211
256 542 1970
256 814 698
256 837 1558
256 909 438
256 951 1318
257 819 1072
257 933 430
257 952 492
258 347 208
258 379 478
258 589 364
258 683 265
258 691 1607
258 737 115
258 769 1367
258 984 902
259 802 1177
259 993 1736
260 272 175
260 319 420
260 426 1094
260 517 405
261 268 1246
261 407 1040
261 496 895
261 701 1811
261 950 23
262 312 402
262 357 1736
262 478 313
262 644 300
262 966 922
263 304 456
263 468 758
263 506 214
263 622 551
263 683 1950
263 702 1609
263 841 478
263 846 1569
263 946 637
264 372 359
264 642 1102
264 795 234
264 861 1056
265 440 896
265 543 1077
265 687 1128
265 801 48
265 827 1811
265 908 1514
266 485 1975
266 574 518
266 698 479
266 915 1815
266 971 1229
266 993 1018
267 274 1044
267 289 1809
267 518 961
267 717 1917
267 779 1931
267 799 89
268 537 1359
268 657 1348
268 847 1800
268 873 1479
268 898 1411
268 976 51
269 619 1508
269 967 595
269 979 1577
270 305 618
270 441 1980
270 565 1453
270 661 1745
271 360 849
271 422 680
271 646 1565
271 686 1211
271 775 259
272 295 266
272 352 1361
273 352 67
273 560 1086
273 614 1308
273 656 639
273 721 1438
273 842 572
273 976 756
275 293 970
275 606 1438
275 728 1285
275 987 1808
275 990 1984
276 695 18
276 746 1579
276 809 1701
277 416 938
277 432 1091
277 446 320
277 453 1650
277 679 1317
277 873 1648
277 959 1915
278 317 1563
278 816 1128
279 322 1979
279 388 120
279 445 629
279 454 1730
279 541 1609
279 679 1597
279 715 1282
279 795 1716
279 811 116
280 345 116
280 443 1668
280 459 245
280 526 705
280 571 639
280 578 1076
280 628 1110
280 638 1785
280 747 1127
280 893 2000
281 456 607
281 464 495
281 698 1501
281 992 1855
282 332 1702
282 355 1051
282 387 901
282 411 293
282 497 1351
282 772 405
282 932 1227
282 953 1668
283 305 1112
283 522 1253
283 547 380
284 341 1817
284 514 1375
284 562 552
284 682 1144
284 728 830
284 731 573
284 920 1186
284 952 509
285 460 1368
285 571 783
285 583 998
285 696 1766
286 342 340
286 423 557
286 488 478
286 520 217
286 688 460
286 806 1577
286 888 1123
286 966 1282
287 394 1215
287 425 811
287 521 1151
287 638 804
287 687 1826
287 785 238
287 794 1326
288 565 274
288 578 1319
288 602 1194
288 661 1492
288 919 440
288 989 528
289 641 531
289 642 316
289 749 1650
289 793 399
289 833 934
289 910 801
290 334 1053
290 512 243
290 527 438
290 573 1017
290 694 83
290 761 194
290 792 187
290 807 1403
290 826 1263
291 412 1552
291 461 1156
291 608 1718
291 642 119
291 705 700
291 717 934
291 827 1027
291 899 1447
291 959 1572
292 523 1408
292 582 462
292 744 1042
292 902 174
293 658 1693
293 871 1385
293 954 809
293 957 615
294 411 1345
294 417 403
294 546 270
294 700 192
295 307 1980
295 440 1906
295 591 624
295 596 1472
295 699 133
295 761 935
295 930 772
296 411 445
296 549 1471
296 885 24
296 887 989
297 352 1987
297 362 1459
297 530 1130
297 656 1919
297 687 1542
297 696 1614
297 787 1063
297 948 220
297 981 179
298 556 1085
298 579 679
298 898 392
299 537 1625
300 497 1127
300 905 1085
300 924 1899
301 463 246
301 536 132
301 763 635
301 778 1482
301 831 79
301 854 167
302 338 34
302 560 261
302 664 1223
302 702 1258
303 677 1104
303 779 1607
303 889 1976
304 375 370
304 703 1396
304 900 1450
304 962 1426
305 326 390
305 386 1762
305 438 1706
305 580 170
305 614 307
305 721 1312
305 737 723
306 558 51
306 603 809
306 665 1750
306 707 1469
306 759 1169
306 823 168
306 967 108
307 386 1862
307 389 562
307 416 916
307 610 1563
308 309 1962
308 442 1718
308 471 312
308 720 1350
308 874 176
308 932 1629
309 344 872
309 646 211
309 660 553
309 927 516
310 406 143
310 877 716
311 892 1636
311 955 1184
311 976 1906
312 434 1846
312 554 169
312 634 168
312 654 1807
312 699 806
312 880 1018
312 917 1231
313 403 1680
313 627 1858
313 644 83
313 662 698
314 470 692
314 855 1602
315 526 854
315 537 1440
315 576 1367
315 696 1931
315 708 1527
315 928 874
315 962 1743
315 995 522
316 654 1119
316 833 1807
316 957 176
316 990 1293
317 346 1625
317 443 455
317 541 1087
317 649 11
317 879 1130
317 939 535
318 622 1430
318 645 514
318 683 1027
318 700 492
318 721 196
318 957 695
320 450 1151
320 537 1512
320 706 765
320 848 145
320 871 1288
321 346 47
321 465 1814
322 663 223
322 685 426
322 729 641
322 747 1798
322 787 1966
322 984 941
323 663 1493
323 819 1146
323 891 1831
324 432 1209
324 527 542
324 711 119
324 752 332
324 875 1932
324 915 864
325 517 708
325 548 1611
325 598 849
325 657 759
325 826 802
325 861 933
325 992 1481
326 390 1402
326 460 1763
326 469 278
326 619 287
326 815 884
326 928 1980
327 600 265
327 618 717
327 937 123
328 504 1186
328 718 950
329 392 1951
329 456 1381
329 755 1606
329 897 465
329 980 1304
330 543 1582
330 597 1362
330 770 227
330 860 832
331 541 515
331 588 52
331 629 360
331 682 178
331 857 1150
331 915 186
332 477 1579
332 643 1174
332 851 72
332 969 442
333 369 353
333 591 1303
333 611 1040
333 717 1724
333 995 842
334 542 1982
334 552 1308
334 675 423
334 701 1193
334 810 533
335 420 1128
335 424 828
335 809 1596
335 960 1552
337 392 1717
337 395 725
337 662 56
337 672 173
337 699 1855
338 540 78
338 790 304
338 851 1703
338 911 1697
338 994 974
339 366 412
339 528 1490
339 643 205
339 993 1138
340 696 1754
340 731 1860
340 776 1581
340 831 1837
341 364 939
341 366 1817
341 740 1854
341 861 639
341 966 1421
342 448 392
342 462 1625
342 513 713
342 525 1979
342 580 198
342 581 1898
342 939 1068
342 951 1084
343 614 1562
343 845 1425
344 420 772
344 486 738
344 544 903
344 713 1727
344 781 1843
344 882 1241
344 885 845
344 942 1136
345 657 660
345 890 65
345 897 1944
345 933 1015
345 952 1770
346 386 138
346 422 816
346 489 274
346 659 1609
346 712 140
346 728 1097
346 831 1818
346 875 1020
347 393 1091
347 406 132
347 839 105
347 988 115
348 360 1121
348 440 1093
348 443 1633
348 473 1896
348 625 1083
348 666 1412
348 779 630
348 784 278
348 837 795
348 911 16
349 544 1347
349 552 344
349 554 1130
349 608 1331
349 665 1191
349 698 1409
349 791 1564
349 853 63
349 887 455
350 511 822
350 532 1472
350 556 1178
350 557 311
350 830 491
351 462 393
351 479 606
351 482 1593
351 565 1309
351 741 1796
351 971 758
352 605 560
352 717 329
353 560 1032
353 594 689
353 666 529
353 849 1999
354 868 664
355 414 913
355 455 794
355 729 780
356 628 1494
356 741 898
356 789 176
356 812 516
356 931 690
356 986 694
357 363 1882
357 364 1578
357 451 1739
357 479 896
357 821 180
357 899 77
358 479 416
358 595 977
358 645 382
358 692 1914
358 733 606
358 827 111
358 891 1541
359 475 149
359 496 1837
359 663 779
359 717 1846
359 784 496
359 792 1077
360 465 1871
360 515 1726
360 534 1366
360 832 379
361 434 1902
361 708 100
362 444 934
362 613 1095
362 894 1185
362 963 34
363 400 608
363 417 617
363 433 253
363 496 1107
363 497 1014
363 530 1313
363 664 1386
363 679 643
364 411 1133
364 457 35
364 551 279
364 621 147
364 877 120
364 965 1143
365 584 1492
365 614 1320
365 665 1616
365 940 1119
366 436 504
366 849 326
366 977 363
367 454 648
367 569 1295
367 699 447
367 738 628
367 774 180
367 833 255
367 903 1340
368 586 1989
368 787 1532
368 831 1564
369 539 1955
369 591 180
369 602 408
369 759 1682
369 854 405
369 920 558
369 952 1833
370 391 951
370 428 1934
370 681 1452
370 712 1801
370 714 1236
370 791 1871
370 805 1376
370 930 784
371 404 650
371 809 1694
372 637 1273
372 866 1149
372 890 1849
373 374 192
373 629 1855
373 663 1053
373 682 1917
373 683 772
374 550 1702
374 629 1238
374 684 1594
374 728 487
375 505 364
375 516 1781
375 561 1486
375 675 1706
376 468 1629
376 509 1356
376 578 846
376 623 943
376 717 768
376 728 1275
376 907 1017
377 932 1727
377 953 1981
378 402 734
378 700 1400
379 588 1814
379 591 1654
379 631 379
379 679 579
379 797 1279
380 441 1585
380 559 704
380 678 1329
380 740 1596
381 853 955
382 402 1786
382 740 1078
383 436 969
383 492 1474
383 512 81
383 593 896
383 622 175
383 690 1000
383 815 725
383 822 972
383 855 514
384 630 1861
384 816 1157
384 830 159
385 396 726
385 792 739
386 424 1092
386 591 1705
386 594 1503
386 698 1624
386 771 760
386 928 1415
387 607 437
387 875 1534
387 934 410
387 976 1674
388 416 1602
388 421 1634
388 431 400
388 466 796
388 752 1973
388 764 82
388 889 1984
388 933 590
388 979 740
389 581 33
389 637 167
389 674 149
389 676 642
389 715 623
389 785 1530
389 939 560
390 570 610
390 770 1245
390 824 1961
391 562 1627
391 614 194
392 858 787
392 951 1332
392 981 1515
393 499 1619
393 522 1897
393 561 515
393 684 1047
393 693 183
393 723 1997
393 840 10
394 641 1764
394 808 952
394 809 1463
395 447 381
396 520 1998
396 581 424
396 835 1537
396 836 1682
396 948 65
397 447 1030
397 471 462
397 666 1983
397 799 1018
397 809 1452
398 762 1577
398 820 1321
398 920 1524
398 967 259
399 473 1881
399 577 1815
400 450 1327
400 549 1739
400 875 1596
400 911 1479
400 932 793
401 420 429
401 450 1006
401 473 1384
401 689 1008
401 994 158
402 457 1388
402 463 270
403 595 584
403 651 653
403 664 1760
403 670 1556
403 740 1192
403 786 141
403 894 115
404 537 1292
404 582 1150
405 457 300
405 679 677
405 900 733
406 494 1313
406 646 161
406 708 314
406 937 307
407 549 889
407 626 771
407 768 1095
407 779 1399
408 537 255
408 579 470
409 503 1330
409 691 138
409 751 157
410 459 1564
410 737 445
411 750 788
411 993 684
412 687 179
412 924 952
413 519 898
413 653 70
413 748 368
413 857 294
414 431 1469
414 626 547
414 668 1692
414 701 652
414 859 66
414 883 1369
414 943 100
415 639 346
415 648 947
415 852 1069
416 586 890
416 592 345
416 645 1687
416 660 309
416 761 71
416 856 1099
416 926 168
417 469 758
417 682 280
417 798 524
417 828 1230
417 963 139
418 562 1861
418 642 423
418 983 1324
420 442 85
420 526 1146
420 542 614
420 769 291
420 802 291
421 686 1658
421 693 1035
421 714 1613
421 717 1973
421 727 911
421 890 84
422 682 1950
422 719 1479
424 593 1479
424 783 1381
424 953 230
424 987 105
425 462 1337
425 665 1999
425 718 1878
426 440 949
426 487 492
426 509 85
426 517 1549
426 559 164
426 778 1784
427 519 24
427 542 534
427 668 1350
427 993 1484
428 773 1186
428 777 1992
428 807 1093
428 847 820
428 878 1339
428 881 1284
428 907 914
429 445 1294
429 513 1335
429 654 1497
429 706 581
429 710 1072
429 739 569
430 605 1009
430 799 349
430 813 505
430 849 606
431 445 1647
431 522 719
431 567 1589
431 684 280
431 703 805
431 779 1984
432 458 1848
432 554 1305
432 571 354
432 937 328
433 498 794
433 505 1285
433 752 177
433 775 1608
433 832 1686
433 870 1499
433 881 1149
434 438 1889
434 701 538
434 709 1707
435 568 10
435 802 1173
435 827 1289
435 903 260
435 997 1889
436 477 923
436 645 1334
436 771 1860
436 898 925
437 546 889
438 476 1982
438 667 1485
438 744 485
439 580 274
439 968 745
439 976 1749
440 451 42
440 551 889
440 776 746
440 962 1938
441 570 826
442 511 1408
442 537 1
442 707 1501
442 726 1149
442 736 24
442 876 989
442 957 158
443 540 445
443 682 1056
443 774 1653
443 846 1316
443 940 392
443 982 1071
444 502 33
444 548 242
444 712 1240
444 810 735
444 924 1941
445 613 1431
445 634 1026
445 690 1694
445 736 727
445 805 350
446 678 1773
446 788 1502
446 797 879
446 930 320
447 494 204
447 581 1835
448 976 843
449 483 1628
449 534 1132
449 596 666
449 610 1698
449 668 476
449 715 1878
449 801 364
449 968 33
450 852 464
452 700 260
452 790 1218
453 662 1870
453 864 460
453 998 1277
454 762 1858
454 785 1532
455 516 1109
455 885 1979
455 912 1440
456 591 848
456 672 1684
456 740 715
456 748 1541
458 793 1829
458 1000 1857
459 519 93
459 677 416
459 704 517
459 738 71
460 496 1460
460 853 1168
460 923 1175
460 924 1001
460 948 764
461 549 1361
461 576 326
461 957 334
461 963 1315
462 494 737
462 680 143
462 774 1704
462 929 1022
462 945 293
463 704 1621
463 738 1587
463 818 388
463 823 335
463 885 182
463 910 862
464 523 1884
464 947 1294
465 631 620
465 942 1199
466 610 325
466 688 641
466 769 845
466 854 1271
467 618 1566
467 642 1678
467 717 1229
467 929 1985
467 938 1863
468 760 865
468 762 488
469 478 957
469 591 1202
470 820 1154
471 501 903
471 566 675
471 666 1627
471 951 1881
471 952 1087
472 762 1001
472 880 1079
473 476 1793
473 480 1719
473 487 690
473 673 1501
474 757 1447
475 490 157
475 953 1273
475 990 491
476 862 1958
477 968 849
478 586 1586
478 730 693
479 496 313
479 529 180
479 545 21
479 630 1125
479 994 964
480 549 615
480 633 1949
480 639 1739
480 847 1188
480 953 1726
480 976 1898
481 485 311
481 505 723
481 709 998
481 738 952
481 787 951
481 957 1708
482 573 342
482 615 1125
482 619 1702
482 657 1772
482 673 611
482 816 1954
482 915 1488
483 498 348
483 561 1123
483 701 92
483 831 1995
483 877 1145
484 538 1864
484 643 584
484 847 200
485 517 270
485 569 1557
485 808 799
485 850 501
486 615 1300
486 766 1264
486 831 792
486 975 114
487 835 282
487 872 427
487 886 109
487 901 1084
488 622 791
488 655 859
488 906 874
489 618 1536
489 700 514
489 739 600
489 834 563
490 985 58
490 996 1625
491 790 61
492 535 97
492 695 1978
492 820 1639
492 851 238
493 505 824
493 531 1142
493 681 664
493 692 1994
493 953 1836
493 972 1821
494 713 292
495 514 1458
495 969 1786
496 530 135
496 651 1678
496 923 1215
496 947 1739
497 594 1754
497 831 310
498 655 1205
498 720 532
498 794 46
498 839 736
498 861 375
498 974 885
498 980 1635
498 998 1510
499 501 1853
499 510 1509
499 524 1031
499 658 1747
500 584 1061
500 677 1984
500 877 1888
500 896 1359
501 535 75
501 656 1009
501 729 924
501 803 789
501 944 1454
502 660 811
502 900 321
503 593 1967
503 622 1357
503 726 475
503 899 1526
504 859 867
504 934 617
505 817 110
505 818 133
505 937 1052
506 576 762
506 583 1238
506 603 1638
506 731 1840
507 735 1324
507 943 1476
508 699 1828
508 788 1492
508 865 1789
508 876 744
508 881 389
508 883 634
508 922 948
508 935 520
509 905 1756
509 912 1500
510 546 1598
510 592 1247
510 687 1020
510 864 1623
511 530 211
511 686 956
511 867 357
512 547 1107
512 772 1670
513 518 306
513 661 1838
513 876 1509
514 670 1787
514 706 842
514 710 1062
514 795 1533
514 928 1486
514 966 13
515 973 731
516 565 11
516 576 660
516 847 494
516 880 1
516 881 712
516 896 1152
517 914 1403
520 792 753
520 855 1199
520 860 1579
520 955 637
521 620 595
521 776 220
521 779 1373
521 798 1976
521 931 469
521 973 1647
522 561 1288
522 833 633
523 588 75
523 747 137
524 841 1480
524 925 1197
524 993 714
525 565 824
525 749 1442
525 784 1120
526 739 342
526 816 1283
526 868 1216
526 959 101
527 718 1011
527 838 1134
527 952 1093
527 962 34
527 994 1292
528 594 755
528 653 1760
528 782 1046
528 883 819
529 817 1305
529 919 1831
529 938 1555
529 999 1222
530 594 910
530 989 544
531 646 1446
532 637 1300
532 808 1371
532 994 1884
533 637 1054
534 680 214
534 709 136
534 836 511
534 880 215
534 903 29
535 573 189
535 879 230
535 963 115
536 607 1835
536 617 1388
536 961 1259
537 580 1450
537 655 627
537 731 916
537 949 29
537 985 1147
537 989 1583
538 662 1370
538 709 1986
538 710 277
538 739 1606
538 836 1334
538 892 76
539 673 185
539 806 407
539 834 911
539 922 1210
540 635 533
541 557 1308
541 742 1490
541 887 1262
541 909 1848
541 929 710
542 831 70
542 851 336
543 856 1726
543 876 1527
543 963 844
544 681 968
544 738 111
544 966 1967
545 596 1942
545 611 1370
545 698 60
545 705 1695
545 884 794
546 764 630
547 929 1918
548 584 22
548 614 1826
548 748 1921
548 780 467
548 844 1948
548 924 755
548 996 1574
549 586 654
549 704 404
549 760 1550
550 812 1050
550 928 1472
550 986 1925
551 641 329
551 977 1434
552 709 1522
552 779 753
553 572 561
553 622 203
553 796 1257
553 827 20
554 603 861
554 655 188
554 705 1744
555 689 1460
555 819 656
555 919 858
555 921 936
555 949 1806
556 599 1556
556 623 1441
556 747 1999
556 903 788
556 983 133
557 933 1726
558 603 839
558 841 1528
558 899 676
559 579 1539
559 826 1823
560 581 1991
560 650 1535
560 734 992
560 769 42
560 911 1739
560 994 95
561 573 315
561 703 161
561 724 315
561 747 459
561 921 1204
562 634 955
562 814 1543
562 932 1180
562 936 545
563 586 1394
563 635 1325
563 799 875
563 948 495
563 973 110
564 806 1002
564 869 1335
565 737 783
565 779 749
565 808 1391
565 812 45
565 975 759
566 619 915
566 693 391
566 768 549
567 618 1900
567 649 1968
567 827 840
567 884 846
568 621 1078
568 643 767
568 803 1928
569 691 432
569 768 793
570 696 417
570 806 323
571 627 796
571 672 873
571 892 720
572 598 1901
572 612 469
572 827 385
572 854 1519
573 726 385
573 878 1425
573 934 1248
574 678 1670
574 688 689
574 726 431
574 848 1022
575 832 239
575 911 1387
575 955 292
576 640 141
576 682 1467
576 876 1021
577 742 1284
577 790 1975
577 892 855
578 636 552
578 660 418
578 670 1564
579 696 1197
579 999 1717
580 681 1452
580 682 1933
580 703 1094
580 780 1737
580 927 317
581 694 443
581 725 1625
581 835 1873
581 864 1867
582 859 1433
582 982 602
583 785 1287
583 913 1335
583 943 647
583 963 668
583 969 638
584 600 118
584 811 10
584 855 751
584 904 1388
585 592 1151
585 716 903
585 795 1613
585 883 75
585 891 1039
586 596 1488
588 603 1000
588 996 135
589 647 1497
589 993 634
590 707 1428
590 738 1163
590 996 890
591 812 1136
592 657 1985
592 659 1718
592 694 1864
592 833 1545
593 707 307
593 902 977
594 605 443
594 807 525
594 934 38
594 994 1937
596 661 478
596 708 1871
596 764 809
596 813 686
596 925 1408
597 705 1764
597 878 1287
598 909 272
599 614 201
599 661 774
599 893 1409
600 646 1152
600 714 1420
600 982 863
601 652 956
601 797 1540
601 994 1968
602 652 204
602 925 406
602 993 137
603 690 1191
603 880 930
604 824 553
605 615 910
605 844 833
606 659 1503
606 970 1128
607 818 609
607 839 250
608 675 992
608 753 257
608 868 328
609 635 1196
609 683 863
609 742 1694
609 760 323
609 990 1579
610 685 289
610 755 1666
610 757 1913
611 752 181
611 934 1114
611 983 821
612 792 749
613 616 914
614 714 521
614 742 1888
614 898 210
614 934 881
615 694 1243
615 783 1785
615 907 1428
616 942 1606
617 743 19
618 728 1588
618 771 319
619 643 1158
619 835 1310
620 631 1835
620 884 490
620 953 1825
621 877 1688
621 903 1976
621 933 1772
621 964 1198
622 686 390
623 680 1865
623 733 1158
623 848 969
624 873 547
624 892 1471
624 992 1252
626 634 1912
626 635 593
626 761 568
626 793 1498
627 629 872
627 640 1393
628 796 1501
628 890 1252
629 747 237
629 773 817
629 877 1299
630 651 245
631 668 1077
631 852 1975
631 901 277
632 752 1068
633 744 1640
633 904 1368
634 736 130
634 934 1477
636 652 580
636 766 357
636 825 546
636 885 515
636 901 1024
637 930 1933
638 927 1922
638 969 1892
638 989 729
641 732 652
641 847 756
641 902 751
641 993 532
642 798 944
643 666 1291
643 722 213
643 806 1493
643 866 151
643 927 1966
643 959 576
644 740 164
644 916 252
644 965 1350
645 754 55
646 817 1086
646 928 1118
647 923 1192
649 687 1596
649 858 1850
649 920 1391
650 696 670
650 705 2000
650 712 369
650 800 626
650 882 1145
650 899 787
650 990 1507
651 780 1884
651 786 1390
651 923 164
652 939 1659
653 660 1278
654 733 526
654 789 1915
654 866 462
654 967 233
656 725 1662
656 822 1950
656 898 753
657 673 1073
657 767 1165
657 777 1791
657 793 1691
657 879 784
657 936 422
658 710 1521
658 808 434
659 697 71
659 915 657
660 689 1956
660 835 12
660 991 55
662 720 709
662 749 1615
662 839 1697
663 725 737
664 672 1283
664 898 276
664 952 999
664 959 1632
666 953 1324
667 723 957
667 769 1153
667 798 62
667 980 336
668 752 1688
668 836 1391
669 781 1212
669 829 995
669 884 593
669 977 1929
670 722 1991
670 904 1103
671 834 1347
672 739 1161
672 876 257
673 940 350
674 715 1276
675 856 1537
675 890 683
675 912 1160
676 941 890
677 751 1375
677 932 838
678 740 11
678 879 1757
679 744 694
679 813 1746
680 747 209
680 797 1990
680 974 1865
680 976 545
681 988 1214
681 999 667
682 694 692
682 707 1376
683 741 1954
683 931 1631
685 827 363
685 950 1718
686 774 181
687 920 513
687 927 85
688 755 784
688 898 762
688 944 1006
689 986 334
690 719 665
690 890 1018
690 916 953
690 984 1784
692 793 1734
692 957 72
692 983 1294
693 775 1529
693 805 584
694 745 777
694 814 1161
694 918 1298
696 857 1946
697 775 1868
697 841 1387
697 907 958
697 967 632
697 971 1818
698 989 1642
699 927 531
700 982 447
701 812 366
701 820 1666
702 725 1197
703 949 517
704 935 1895
704 980 1038
704 999 765
705 991 1294
706 882 1580
706 972 801
707 782 497
709 856 279
709 942 258
710 767 382
710 780 1517
710 849 1667
710 958 1612
711 756 331
711 852 572
711 946 980
712 763 339
712 766 1376
712 798 935
712 952 1778
714 802 1289
714 819 740
714 902 816
714 966 906
715 774 19
715 810 288
715 850 1257
716 857 482
716 861 1323
716 928 1274
717 765 1050
717 819 263
717 826 1043
718 744 607
718 753 1212
718 760 161
719 874 1450
720 980 153
721 863 1261
721 942 1177
722 880 1088
723 778 1943
723 882 194
724 727 1038
724 947 241
724 948 27
726 854 36
726 858 712
726 910 352
727 736 1914
727 829 1341
728 799 1647
728 825 1316
729 787 805
730 794 32
730 823 732
731 865 610
731 992 1093
732 988 718
733 766 1343
735 814 375
735 848 1151
735 875 778
735 921 1997
735 931 1085
736 771 1003
736 847 1529
738 741 545
738 752 891
738 845 344
739 813 823
739 897 1167
739 957 974
740 790 1525
741 842 1268
741 996 1830
742 901 624
743 820 1439
744 876 1806
745 752 710
745 918 1248
746 838 1364
746 877 710
746 950 234
748 815 553
748 874 434
748 998 945
749 896 1582
749 952 1118
749 986 630
749 987 1229
750 796 352
751 933 1206
751 944 1346
752 755 1528
752 812 1712
752 914 134
753 822 1946
754 757 663
754 765 1285
754 770 115
754 856 397
758 788 1603
758 987 515
759 938 612
760 895 1641
761 780 152
762 879 316
762 993 240
764 775 1970
764 831 325
764 918 1761
765 779 1642
767 804 420
767 956 730
768 900 3
768 926 1121
769 787 1642
769 863 511
770 954 972
771 886 642
771 914 310
771 996 627
772 790 1542
772 831 278
772 832 1553
772 948 1795
774 777 1092
775 848 1995
776 906 1584
777 857 1526
777 884 1599
777 926 749
778 950 1833
779 799 668
779 921 77
780 799 1630
780 959 928
782 920 567
783 839 1185
783 968 1515
783 972 1393
784 984 400
785 829 586
785 896 691
787 891 1245
787 995 641
788 810 1840
788 887 543
788 931 1885
789 832 989
789 936 523
791 975 1902
792 980 925
793 795 1472
793 835 845
793 854 83
794 942 1872
795 996 29
797 980 1125
798 850 732
798 865 1038
798 945 1710
800 815 109
801 838 695
802 816 631
802 832 317
802 921 1673
802 966 1519
803 851 1131
804 874 866
804 929 1884
804 983 136
805 817 560
805 833 1842
805 936 1503
805 972 36
806 895 1241
806 899 1425
807 865 26
808 931 79
810 841 1346
811 836 1050
812 844 1678
813 877 1144
813 939 790
813 971 591
814 834 1421
815 970 632
817 878 66
818 869 769
818 923 1883
818 928 1711
818 998 383
819 835 96
819 908 551
820 842 1600
821 975 533
821 981 828
823 936 307
824 848 651
825 909 1489
826 938 1696
827 976 233
827 988 969
828 848 507
828 858 590
828 936 379
829 900 811
829 940 790
829 959 1193
835 940 714
835 950 1141
836 852 1710
836 915 1146
836 964 1822
837 915 1788
838 861 634
838 888 1150
842 894 27
843 912 253
848 919 1799
851 935 1656
852 853 181
852 923 654
853 963 210
854 867 1744
854 992 1223
856 881 1058
856 987 20
857 918 1010
859 948 21
859 995 1838
860 903 1243
861 971 1441
862 970 1907
862 990 1772
863 876 38
863 906 1286
865 912 1009
865 945 1198
866 878 1503
866 943 1574
866 947 1085
867 898 1190
867 931 97
867 932 593
869 984 1575
870 948 1566
871 891 366
873 932 1579
873 965 1692
875 947 682
876 884 299
876 970 757
876 974 1493
879 986 303
880 996 968
885 978 797
887 948 1722
888 944 1861
888 949 542
889 969 726
890 992 1340
891 932 1151
891 936 821
891 977 1402
892 934 171
892 987 1887
893 993 778
894 962 1447
895 920 227
896 901 293
896 987 180
897 918 755
899 986 1279
900 993 208
902 933 1574
902 956 1604
906 944 1302
907 936 1418
908 947 1899
910 963 391
911 970 1087
911 974 157
911 982 1129
913 921 1079
913 927 543
914 952 1124
917 979 260
918 984 1618
918 986 1921
920 962 844
921 933 1299
922 999 668
923 936 727
924 943 1604
925 957 1502
926 971 602
928 952 688
931 975 128
932 965 1449
933 947 1468
937 966 1594
939 956 1251
941 998 509
942 999 41
943 953 1984
946 982 1138
951 974 965
951 980 1879
954 981 1977
958 972 401
964 979 1341
973 987 1381
979 988 1093
981 993 26
983 993 939
992 999 1381
