51
131
1.0
0 1 1
0 2 1
0 3 1
0 4 1
0 5 1
0 6 1
0 7 1
0 8 1
0 9 1
0 10 1
0 11 1
0 12 1
0 13 1
0 14 1
0 15 1
0 16 1
0 17 1
0 18 1
0 19 1
0 20 1
0 21 1
0 22 1
0 23 1
0 24 1
0 25 1
0 26 1
0 27 1
0 28 1
0 29 1
0 30 1
0 31 1
0 32 1
0 33 1
0 34 1
0 35 1
0 36 1
0 37 1
0 38 1
0 39 1
0 40 1
0 41 1
0 42 1
0 43 1
0 44 1
0 45 1
0 46 1
0 47 1
0 48 1
0 49 1
0 50 1
1 23 22
1 47 154
2 10 166
2 15 8
2 21 164
2 22 81
2 26 176
2 33 99
2 39 130
3 11 9
4 25 195
4 41 119
5 7 12
5 8 81
5 25 157
5 33 36
5 41 56
6 42 104
7 49 61
8 9 146
8 11 185
8 27 37
8 36 72
8 37 147
8 44 108
9 10 135
10 34 2
10 39 24
10 40 87
11 27 6
12 26 70
12 30 106
12 37 37
13 31 142
13 41 52
13 47 26
14 30 121
14 41 27
15 19 106
15 24 68
15 27 200
16 30 68
16 32 190
17 23 168
17 25 15
17 28 181
17 29 126
18 45 110
19 37 120
19 45 140
19 48 182
20 36 179
20 38 91
20 47 28
20 49 145
21 47 106
22 33 189
23 26 86
23 48 3
23 49 42
24 27 183
24 36 148
25 26 38
25 38 200
26 29 75
26 35 68
26 42 115
26 43 99
27 37 60
28 31 189
28 39 44
29 35 144
30 37 142
30 46 78
32 50 37
33 45 94
33 50 41
35 47 120
38 43 145
39 44 24
41 47 135
