51
145
1.0
0 1 1
0 2 1
0 3 1
0 4 1
0 5 1
0 6 1
0 7 1
0 8 1
0 9 1
0 10 1
0 11 1
0 12 1
0 13 1
0 14 1
0 15 1
0 16 1
0 17 1
0 18 1
0 19 1
0 20 1
0 21 1
0 22 1
0 23 1
0 24 1
0 25 1
0 26 1
0 27 1
0 28 1
0 29 1
0 30 1
0 31 1
0 32 1
0 33 1
0 34 1
0 35 1
0 36 1
0 37 1
0 38 1
0 39 1
0 40 1
0 41 1
0 42 1
0 43 1
0 44 1
0 45 1
0 46 1
0 47 1
0 48 1
0 49 1
0 50 1
1 12 96
1 13 15
1 14 13
1 16 97
1 22 14
1 32 34
2 14 38
2 22 33
2 29 6
2 41 99
3 25 51
3 34 55
3 41 51
4 26 42
4 43 74
4 47 66
5 13 7
5 34 71
5 47 42
6 18 56
6 23 22
6 41 51
7 15 7
7 48 24
7 49 48
8 20 19
8 22 91
8 23 45
8 35 67
9 31 94
9 34 70
10 12 37
10 28 71
10 43 3
11 21 50
11 27 23
11 33 97
11 39 11
11 41 84
11 48 37
12 22 93
12 45 22
12 48 6
13 19 10
13 32 77
13 47 91
13 50 33
14 21 93
14 22 23
14 37 14
14 38 34
14 41 98
16 41 30
16 50 17
17 18 3
17 32 77
18 23 11
19 21 2
19 26 69
19 27 2
19 42 30
19 48 6
20 23 80
20 45 49
21 23 95
21 32 10
22 29 58
22 32 91
22 33 50
22 36 50
22 48 90
23 30 14
23 39 12
24 27 77
24 30 27
26 36 86
26 49 74
29 31 21
29 43 82
29 44 74
29 46 34
30 38 99
30 46 32
32 48 55
33 43 2
34 35 69
34 42 97
34 46 74
34 50 39
35 42 17
36 37 54
38 47 12
39 46 95
40 50 30
41 42 55
